обратный
[100, 200, 300, 400, 500, 600, 700, 800, 900, 1000]
[199.27, 793.16, 1797.23, 3211.16, 5781.58, 7264.39, 9794.51, 12486.40, 15853.39, 21105.79]
[80.86, 316.86, 707.67, 1257.06, 1951.60, 2810.01, 3807.53, 5430.54, 6382.28, 7837.25]
[9.54, 19.92, 30.44, 42.52, 50.52, 62.86, 79.90, 90.56, 99.77, 108.32]

прямой
[100, 200, 300, 400, 500, 600, 700, 800, 900, 1000]
[2.22, 3.44, 4.92, 6.89, 7.91, 10.58, 10.99, 12.36, 13.90, 15.51]
[76.43, 301.00, 663.25, 1202.89, 1880.22, 2774.13, 3739.77, 4725.97, 6060.42, 7405.87]
[8.12, 17.00, 25.49, 36.71, 44.37, 54.99, 68.77, 78.78, 87.22, 93.08]

произвольный
[100, 200, 300, 400, 500, 600, 700, 800, 900, 1000]
[157.23, 612.97, 1374.99, 2507.02, 4008.21, 5551.08, 7500.38, 9882.73, 12421.61, 15734.22]
[83.12, 304.38, 676.97, 1214.04, 1886.02, 2693.51, 3699.44, 4779.46, 6048.37, 7444.49]
[20.57, 39.54, 72.96, 88.86, 114.04, 139.11, 164.76, 188.68, 214.69, 241.19]